0.23333333333333328
0.07407407407407407
0.39285714285714285
0.29999999999999993
0.1111111111111111
0.42857142857142855
0.19999999999999996
-0.07407407407407407
0.42857142857142855
0.23333333333333328
0.1111111111111111
0.35714285714285715
0.19999999999999996
0.0
0.2857142857142857
0.2666666666666666
0.0
0.39285714285714285
0.23333333333333328
-0.14814814814814814
0.42857142857142855
0.19999999999999996
-0.14814814814814814
0.2857142857142857
0.16666666666666663
-0.1111111111111111
0.32142857142857145
0.23333333333333328
0.037037037037037035
0.35714285714285715
0.19999999999999996
-0.07407407407407407
0.32142857142857145
0.19999999999999996
-0.07407407407407407
0.39285714285714285
0.2666666666666666
0.07407407407407407
0.46428571428571425
0.33333333333333337
0.22222222222222227
0.39285714285714285
0.2666666666666666
-0.07407407407407407
0.39285714285714285
0.23333333333333328
0.0
0.35714285714285715
0.19999999999999996
-0.037037037037037035
0.42857142857142855
0.23333333333333328
0.18518518518518517
0.2857142857142857
0.23333333333333328
-0.1111111111111111
0.2857142857142857
0.19999999999999996
-0.037037037037037035
0.35714285714285715
0.23333333333333328
0.037037037037037035
0.42857142857142855
0.2666666666666666
0.07407407407407407
0.2857142857142857
0.23333333333333328
-0.07407407407407407
0.2857142857142857
0.16666666666666663
0.0
